1 0.6586538461538461 0.15625 0.038461538461538464 0.018028846153846152
1 0.17908653846153846 0.15985576923076922 0.039663461538461536 0.020432692307692308
2 0.39903846153846156 0.16105769230769232 0.042067307692307696 0.038461538461538464
2 0.4639423076923077 0.17908653846153846 0.051682692307692304 0.06971153846153846
2 0.2608173076923077 0.18269230769230768 0.05048076923076923 0.052884615384615384
2 0.875 0.18990384615384615 0.04927884615384615 0.042067307692307696
1 0.3942307692307692 0.18990384615384615 0.046875 0.014423076923076924
1 0.25961538461538464 0.21995192307692307 0.040865384615384616 0.03125
1 0.8641826923076923 0.2283653846153846 0.028846153846153848 0.028846153846153848
5 0.875 0.2800480769230769 0.051682692307692304 0.21995192307692307
6 0.6682692307692307 0.29086538461538464 0.10096153846153846 0.20072115384615385
6 0.390625 0.30528846153846156 0.0673076923076923 0.1622596153846154
6 0.4699519230769231 0.3076923076923077 0.08533653846153846 0.19591346153846154
6 0.9146634615384616 0.3076923076923077 0.09615384615384616 0.25961538461538464
6 0.13581730769230768 0.31850961538461536 0.14543269230769232 0.29086538461538464
5 0.6742788461538461 0.38341346153846156 0.13822115384615385 0.5588942307692307
5 0.3870192307692308 0.3918269230769231 0.09735576923076923 0.4891826923076923
5 0.47716346153846156 0.40024038461538464 0.1201923076923077 0.5096153846153846
5 0.9134615384615384 0.40865384615384615 0.10697115384615384 0.7307692307692307
5 0.265625 0.4206730769230769 0.109375 0.5228365384615384
5 0.14302884615384615 0.43509615384615385 0.1502403846153846 0.71875
2 0.9242788461538461 0.08052884615384616 0.08052884615384616 0.07572115384615384
2 0.1502403846153846 0.11899038461538461 0.08052884615384616 0.07451923076923077
2 0.6742788461538461 0.125 0.056490384615384616 0.052884615384615384
1 0.8930288461538461 0.13701923076923078 0.021634615384615384 0.03125