2 0.3233173076923077 0.44591346153846156 0.09975961538461539 0.08413461538461539
2 0.4182692307692308 0.44711538461538464 0.08413461538461539 0.078125
2 0.5144230769230769 0.4495192307692308 0.0889423076923077 0.08413461538461539
1 0.41586538461538464 0.48677884615384615 0.06370192307692307 0.03485576923076923
1 0.5144230769230769 0.49038461538461536 0.051682692307692304 0.03365384615384615
1 0.33052884615384615 0.49759615384615385 0.06129807692307692 0.03485576923076923
6 0.5432692307692307 0.671875 0.13942307692307693 0.27163461538461536
6 0.4050480769230769 0.6899038461538461 0.13701923076923078 0.27163461538461536
5 0.2932692307692308 0.7019230769230769 0.14543269230769232 0.59375
5 0.5504807692307693 0.7019230769230769 0.1622596153846154 0.59375
5 0.41586538461538464 0.703125 0.11538461538461539 0.5901442307692307
6 0.28365384615384615 0.7055288461538461 0.13221153846153846 0.3088942307692308