1 0.6057692307692307 0.34375 0.037259615384615384 0.030048076923076924
1 0.296875 0.3449519230769231 0.05048076923076923 0.039663461538461536
1 0.8088942307692307 0.36899038461538464 0.05889423076923077 0.07932692307692307
1 0.47115384615384615 0.3701923076923077 0.054086538461538464 0.036057692307692304
1 0.7019230769230769 0.3762019230769231 0.051682692307692304 0.036057692307692304
5 0.4579326923076923 0.4879807692307692 0.1346153846153846 0.5685096153846154
5 0.28966346153846156 0.4963942307692308 0.12379807692307693 0.5396634615384616
5 0.6117788461538461 0.4987980769230769 0.1310096153846154 0.5300480769230769
5 0.7079326923076923 0.5264423076923077 0.140625 0.6646634615384616
5 0.10697115384615384 0.5300480769230769 0.20552884615384615 0.9338942307692307
5 0.8798076923076923 0.5432692307692307 0.23317307692307693 0.9074519230769231
6 0.46033653846153844 0.5528846153846154 0.12740384615384615 0.3088942307692308
6 0.2860576923076923 0.5805288461538461 0.1502403846153846 0.3449519230769231
6 0.7043269230769231 0.5985576923076923 0.1310096153846154 0.38100961538461536
6 0.12379807692307693 0.6995192307692307 0.23317307692307693 0.5564903846153846
6 0.8858173076923077 0.7584134615384616 0.21995192307692307 0.47716346153846156
2 0.12259615384615384 0.17427884615384615 0.1778846153846154 0.18389423076923078
2 0.8762019230769231 0.24879807692307693 0.20793269230769232 0.21394230769230768
1 0.16706730769230768 0.2692307692307692 0.07451923076923077 0.07211538461538461
2 0.6117788461538461 0.2980769230769231 0.06129807692307692 0.06850961538461539
2 0.29086538461538464 0.30288461538461536 0.07091346153846154 0.07211538461538461
2 0.4699519230769231 0.3161057692307692 0.06610576923076923 0.11177884615384616
2 0.7055288461538461 0.31850961538461536 0.08173076923076923 0.0985576923076923